15.770577888994904,	-0.920358127244015
12.142651237077411,	2.3769455256461343
17.69281820079105,	0.8359224019895743
5.947930634995913,	-2.151829574357978
18.313978461080627,	0.47993069008514505
14.482597378998074,	-1.336752660705976
14.361372273975972,	2.3206075033489726
15.993708654979638,	0.8437755983156771
7.900242356213918,	-2.7009047895602385
16.008261576205523,	0.376694080686264
14.019723871719764,	-1.4888936242887267
15.215421495379397,	2.3280941985786376
15.169045205300728,	0.8433269968561323
9.272471169209652,	-2.834981346458888
14.713918114814295,	0.265364387234748
14.294570051367991,	-1.8849290653770585
16.946865163687274,	2.1596685281707884
13.458929427074887,	0.6075300405160914
11.792967426341866,	3.103029918324853
12.436324542171155,	0.1322620188700464
15.048240315205412,	-2.0925210024913894
18.056503303265632,	2.1837838229847106
11.78114727228606,	0.786658927936883
13.774529325386238,	3.1554684410352847
10.051059316240359,	0.027104855678637685
16.183207354444395,	-2.459209919755218
19.53890232962367,	2.082355711168285
10.344692919219826,	0.6197881023755968
16.152642609622816,	2.7154302160935933
7.892940243672837,	-0.23232933498516667
17.73367639677492,	-2.6357342011653837
20.76149188933729,	2.0153094398096894
8.677716817962196,	0.560467637881776
17.99240373194261,	2.602186556244888
5.786009855945583,	-0.24387650898049784
20.270826638185063,	-2.9621175479126762
22.00830890880903,	1.895516373311323
6.742783459275139,	0.6161979673883815
20.557224243607234,	2.5840152467736814
3.5134413912387368,	-0.8718931044350869
22.97006074637317,	-3.057674249960164
22.734802390779734,	1.8882634854561942
5.098490371868103,	0.9769095392028407
22.792983870247028,	2.603705144303281
2.571628883295268,	-1.8249423320496065
25.905305660481776,	3.0419157837591304
23.56800244786414,	1.906334841208814
3.7239173389837443,	1.4654144989678872
25.122437057843545,	2.497053641628513
4.518743857051026,	-2.672271123761352
27.616099753166754,	-3.1808357552506656
24.4582129950334,	1.97154494879232
3.8899846101477595,	1.9713350335544475
26.74185693136573,	2.6710295400708626
5.828243937892299,	-2.728947574016571
30.73173099261445,	3.059079667802547
25.89787045356613,	2.1147210085753176
5.50681895578434,	2.432983226921844
29.15794002445273,	2.7026572154437436
8.794902878293538,	-2.9359447572838766
33.1471667636852,	3.054445296726361
27.219956761206348,	2.060746548281619
7.695434269447841,	2.5036381237235394
31.359438668431608,	2.538588377473153
11.209552072621404,	-3.018056915907284
36.49598345024858,	2.7224919181543625
28.974233494232838,	1.8151341980118694
10.61307215570826,	2.3944073376784947
33.98104696586119,	2.279236919748259
14.403090681183594,	2.9154796287210982
38.90615336370739,	2.586732897658561
29.858068180641553,	1.7402364885706683
12.553398299565965,	2.403473644377299
36.04157974967357,	2.187116556677965
17.002059300446597,	2.773189450296836
40.38813275865479,	2.4246139853241844
30.453049317283007,	1.6687865891729068
14.331791785183315,	2.2509381538816298
37.37871454090823,	2.004474560176097
19.191678150848862,	2.6635501116251774
42.54555361573446,	2.3679328881842703
30.51547269040008,	1.7086980576249768
15.989781724259784,	2.433583028745213
38.44933517925639,	2.0466901798225434
21.256053576847744,	2.697729581998614
44.095171904429016,	2.170290085729382
31.20983739283915,	1.4827417174407609
17.769836152425885,	2.1531715933163547
39.33313401502252,	1.9135294025429912
23.12308042749082,	2.5784675494147042
47.21432964992265,	2.1428335611493026
31.074939927603893,	1.4359006422645848
21.113610439928628,	2.347719764803713
41.206634979246815,	1.7388110155693013
26.9881342128694,	2.4526963973679856
48.85060940956706,	2.270218108601681
31.33066019222613,	1.6861751029977101
22.612480314446383,	2.421331046332512
41.82956079699371,	1.999839391324224
29.015194297852606,	2.542553682092932
50.8776110760557,	2.291959594664304
31.68146787590246,	1.881837464867652
25.058103973254575,	2.5428713097403977
43.05890976882454,	2.16716400352722
31.611123510248454,	2.7191274415037823
52.899612276411,	2.1293747146469046
32.85511085565785,	1.6334743406813956
27.711255874762355,	2.3972793615723003
45.01016384821948,	1.842607117016445
34.226757274235716,	2.3341289601642763
54.55831481318022,	2.25051177566394
33.17571374351638,	1.8722220350692074
29.46670627689124,	2.582319621070434
45.74300472516746,	2.036029748070149
36.44019837612532,	2.6885385684018233
56.53651122783902,	2.237342755844303
34.18543139546022,	1.750600068201554
32.09153428882081,	2.436806100067989
47.18217134622405,	1.9871141316651708
39.026624073540056,	2.4225734768917433
58.31113497622516,	2.24053274007562
35.04769354142253,	1.8321716198849327
34.29959439949562,	2.3609781220231554
48.42655402616968,	1.9681064229037035
41.362735304078576,	2.441776938566287
59.76623008084068,	2.0902908256281916
35.56733415122094,	1.7232837816916873
35.89383060794704,	2.363480372009534
49.00196494116898,	1.8673370316468716
43.0151634049032,	2.317663356567385
61.073519625641126,	2.02472573416665
36.31336787762166,	1.7949781466516646
38.28364274652608,	2.2829994253076693
50.095070709291186,	1.883963340224341
45.5780008304549,	2.3280499450570264
61.92576856828406,	2.004370227047974
36.5982308878402,	1.7515861700596023
39.63101254727908,	2.290104963062415
50.71200574328956,	1.7028812397639685
46.90884968644054,	2.2068125833162386
63.10846754044126,	1.8387503096787439
37.215452526696566,	1.6655776769013815
41.46845222576861,	2.1876426091816494
51.26173570160339,	1.709460658775492
48.67159945764338,	2.106478558361996
63.75165929987693,	1.9523047374370857
37.30484527513721,	1.640520859077861
42.78701048810447,	2.1831251376035152
51.54634966018294,	1.7692005193343776
49.936409103614096,	2.2014158558318444
64.40929121357154,	1.4041844684581144
37.57519514817004,	1.3270928676039144
43.96986336272444,	1.7904641616343102
51.944433708524066,	1.3325122956696531
51.2341799413731,	1.8126820854155383
64.55872916205722,	1.1090367102196166
37.17214006871799,	0.8120139037859393
44.54032251332414,	1.4031351646339965
51.35776267880569,	1.0222791062376362
51.7694950197283,	1.509221177379448
63.27969606026321,	1.1066574386606642
35.92572641952111,	0.9659504716543965
44.22825584837032,	1.55202816767889
50.27312647612605,	0.965124135204549
51.402938611325375,	1.43103326016798
62.09358422918931,	1.2239658714664365
34.6275233318271,	1.0833521930963366
44.03219691524239,	1.4965579946545124
49.027966453250805,	0.9772970719655607
51.260435534164,	1.530119889743183
61.42598195994707,	1.0630911471152593
33.614343646683025,	0.9575692037793754
44.27088323926529,	1.4827134943412585
47.62443254694511,	0.9457495423380284
51.05957858049811,	1.3751109369459313
60.957110519714234,	1.017961598235039
33.154153514411036,	0.8907949440888218
44.12402132555237,	1.424810932341464
47.135047880285626,	0.8073096797926523
51.24084087669487,	1.3301906973845423
59.29766087923135,	1.17128645339238
31.296314156731274,	1.1174811212890512
43.392592942435016,	1.4263888183282465
45.40990341127979,	1.023081133223955
50.41606834347701,	1.4897006908816413
58.340070144746186,	1.1663956715056851
30.351287787533703,	1.1043789043014707
43.69123519481594,	1.5356253528376944
44.02663626730363,	0.9958523442915892
50.42721415758309,	1.493836196870488
57.108440416364,	1.119176937710879
29.302504553519633,	1.1023559184255527
43.62301919937276,	1.4930468207696057
42.49830316583637,	0.8998204218694186
50.17626814352479,	1.3808591168855
56.05519963063407,	1.1854748173654641
28.25750990960761,	1.262316723288172
43.596909545370046,	1.623141134285428
41.12568542670364,	1.0098730598631647
50.08856734323435,	1.6514727048249802
55.04572528734366,	1.031071729555249
27.611186082027796,	1.2735098687810515
44.12695903312062,	1.6094791959921557
39.862666222678314,	0.9946581679203558
50.21214958567355,	1.5382305934830713
53.92022825706401,	0.8187149804339349
26.8154505383665,	0.9886433252779602
44.057277579366655,	1.3922334245654304
38.89326764002452,	0.6932262594965853
50.18502033124544,	1.2015336373579213
52.01695485273734,	0.797309224498674
25.54335240073081,	1.0901886405887735
43.381377518526584,	1.343286574791479
36.771697383616484,	0.6561337124997947
49.18964627066791,	1.3059796808651307
50.288336044302696,	0.7680871138878682
24.27412358574108,	1.1480553400888538
42.80946669696263,	1.3526119839123965
35.16666408436447,	0.7904982265814753
48.529340224869266,	1.2194753721497145
48.44011569049571,	0.6514611297106965
23.168688461557732,	0.9873296729104402
42.462324505150306,	1.2293445162521817
33.31027108918904,	0.7205033218552486
47.82755926132088,	1.1928270172782431
46.156099997389596,	0.6468523687588255
21.756280575276644,	1.213336449452558
41.72050357125144,	1.2927605192768363
30.842892676439593,	0.6920193099588408
46.49808852950377,	1.1911515985890193
44.160896556845316,	0.52106845107741
20.8740710739897,	0.9310489400191376
40.99058804011061,	1.158610184846586
29.061089242862565,	0.6014156857032504
45.63757976924435,	1.0290172447806218
42.50782923800293,	0.34230540293236017
19.83524028449366,	0.9202098982534669
40.21343639125398,	0.9855803850411159
27.348175456007734,	0.40992414609852135
44.71829610663657,	0.9137023181365518
39.06401999208694,	0.14387346772506232
17.919137714653708,	0.8979909601986963
38.36165080159761,	0.8637557248565036
23.90697277197414,	0.3384967108235081
42.50304761112326,	0.6952014699936946
37.21455973461515,	-0.04199398410302108
17.11545241383762,	0.7088269889543595
37.558895138046175,	0.6553336703046087
22.33929855006284,	0.032062729651310615
41.425039985440684,	0.5127654935501357
